numcats numobs deviation
1 1 0.4578287597554193
1 2 0.4572360462314856
1 3 0.46081583669343795
1 4 0.4520053299461309
1 5 0.45979834997351143
1 6 0.4678752685035397
1 7 0.45491624336744774
1 8 0.45463414348804615
1 9 0.4487331499634024
1 10 0.4393797307043941
1 11 0.4472940453586611
1 12 0.4616133067017984
1 13 0.43972578670258644
1 14 0.44245880489217865
1 15 0.45212118924871647
1 16 0.4636568991396397
1 17 0.4433337571182712
1 18 0.4578289907656802
1 19 0.4380581664479907
1 20 0.44589167013629166
1 21 0.4562353529400152
1 22 0.4424301004642613
1 23 0.4550916110367241
1 24 0.46460040980797407
1 25 0.45481535273072704
1 26 0.45950886155330056
1 27 0.46468207065553024
1 28 0.4531326268600814
1 29 0.44441667069550156
1 30 0.4475299860721099
2 1 0.4197091788100755
2 2 0.3877858842966996
2 3 0.39404604457101794
2 4 0.378915016193047
2 5 0.37759584645445726
2 6 0.3728507618161329
2 7 0.38783150271407146
2 8 0.3766422395851237
2 9 0.3737311746165687
2 10 0.3610246284405218
2 11 0.36444296968639694
2 12 0.3901622348891574
2 13 0.3730605071880966
2 14 0.3828839106852068
2 15 0.3615614059529983
2 16 0.3684044043074465
2 17 0.3702250499842185
2 18 0.3536846910467923
2 19 0.38070533969661424
2 20 0.3706542631195208
2 21 0.3559041631963099
2 22 0.3548900925362961
2 23 0.3660971651414438
2 24 0.37434899306269886
2 25 0.36159646733344275
2 26 0.3734666388165539
2 27 0.3688875255123405
2 28 0.3611350854306185
2 29 0.3639936923186849
2 30 0.3579572757373027
3 1 0.41707016662604207
3 2 0.3938282641079879
3 3 0.3835933730065302
3 4 0.36271968066694177
3 5 0.3531518555322053
3 6 0.34282987051965014
3 7 0.33987613162154634
3 8 0.3390732189157417
3 9 0.3436972492265326
3 10 0.3315317058952028
3 11 0.33245088417181057
3 12 0.3144713154151897
3 13 0.3208720730087927
3 14 0.32234100086411044
3 15 0.32384471913913704
3 16 0.32101543862176396
3 17 0.32137255693152833
3 18 0.32301881436687846
3 19 0.31864522224078573
3 20 0.30949977706999354
3 21 0.31210853705039304
3 22 0.30879303750835735
3 23 0.30576715625573
3 24 0.316653920897459
3 25 0.3182105089933394
3 26 0.2985683775810674
3 27 0.3217069101936808
3 28 0.3020547853600441
3 29 0.3070676250855336
3 30 0.2916476130572888
4 1 0.4018705964350838
4 2 0.3733045255076903
4 3 0.33861697140133945
4 4 0.33164856250532465
4 5 0.33755894199618824
4 6 0.3182983225704234
4 7 0.3263061225332316
4 8 0.29871183565988313
4 9 0.31107106738231666
4 10 0.3001619951847535
4 11 0.29555240314688985
4 12 0.29654875068226716
4 13 0.2888261193690519
4 14 0.3013850700726872
4 15 0.2717597324748225
4 16 0.2830429534681738
4 17 0.28789270714734555
4 18 0.28038639610186006
4 19 0.2726929119389396
4 20 0.2770872753609526
4 21 0.27595692846693565
4 22 0.28446395310577743
4 23 0.27709339965445356
4 24 0.26777176367621797
4 25 0.27409842890192293
4 26 0.2777087445657482
4 27 0.2847553756150601
4 28 0.2790130647728303
4 29 0.27214917388163506
4 30 0.2645034346529711
5 1 0.38772032817215246
5 2 0.3458602031630615
5 3 0.32614492700766246
5 4 0.31295422355991825
5 5 0.29824621758518827
5 6 0.30039219824708185
5 7 0.2872494418676841
5 8 0.2775810562786752
5 9 0.27974834185746483
5 10 0.28032904979784473
5 11 0.257820601842499
5 12 0.2653402342123559
5 13 0.265092547079937
5 14 0.2665500626878357
5 15 0.2768780606945509
5 16 0.2494200074447786
5 17 0.25946085400337526
5 18 0.2458578415780317
5 19 0.25327127115429365
5 20 0.2526692758710832
5 21 0.24349448893329492
5 22 0.25441094177385914
5 23 0.24966974231149205
5 24 0.2527314481680735
5 25 0.2612258412893382
5 26 0.2546516815802308
5 27 0.2539353333994105
5 28 0.24487954385533126
5 29 0.24825782654984108
5 30 0.23932480618496596
6 1 0.4036986688777076
6 2 0.36727284696158974
6 3 0.3271954955576846
6 4 0.30505697986606
6 5 0.3057072595147018
6 6 0.2827387338846555
6 7 0.2618379314125663
6 8 0.26865221741116724
6 9 0.2572949056070545
6 10 0.25772333659753477
6 11 0.2536639438218032
6 12 0.2603178411849842
6 13 0.23653357956267382
6 14 0.2424301106841839
6 15 0.2495559471008666
6 16 0.2508626346437965
6 17 0.23504615407091262
6 18 0.2496300279070796
6 19 0.24527949246483619
6 20 0.25452337012348614
6 21 0.24630349326321999
6 22 0.23035365588574178
6 23 0.23425501554185796
6 24 0.23057906520633373
6 25 0.24328247125678376
6 26 0.23252920457315684
6 27 0.2430735262658558
6 28 0.24631890126140288
6 29 0.22843935243156316
6 30 0.2353400158596208
7 1 0.3759702798339774
7 2 0.3268850936103375
7 3 0.32196821328010283
7 4 0.2841690859992205
7 5 0.28256425304821886
7 6 0.26595075718047084
7 7 0.2642715041022963
7 8 0.2550533137686863
7 9 0.25571772071419974
7 10 0.24994558585204565
7 11 0.23847778289540533
7 12 0.24529181879093645
7 13 0.22690253224023166
7 14 0.230542095624338
7 15 0.22355208391732104
7 16 0.22126593770371836
7 17 0.23352566333920624
7 18 0.2374998649496584
7 19 0.24275731039094256
7 20 0.24072528271528054
7 21 0.2262291374215011
7 22 0.21780720825307667
7 23 0.22170628360458283
7 24 0.23409421936861974
7 25 0.21499427645210664
7 26 0.20251900969021291
7 27 0.2234109984747831
7 28 0.23396254183712273
7 29 0.2270258631990593
7 30 0.2363232610600324
8 1 0.36348637893054175
8 2 0.3389170594017366
8 3 0.31908680965978886
8 4 0.29113550754881884
8 5 0.2709574300855562
8 6 0.26708938974538593
8 7 0.2751519867245004
8 8 0.2535666745810463
8 9 0.2311130112873176
8 10 0.24226229884903536
8 11 0.25601020695715443
8 12 0.22990911622452
8 13 0.22883107208680134
8 14 0.2281802846895855
8 15 0.2159546611194763
8 16 0.22385452251190224
8 17 0.21211853406922895
8 18 0.22114419936187033
8 19 0.220632076941585
8 20 0.21026391564933258
8 21 0.21403577044729152
8 22 0.207216406831483
8 23 0.2036758361062943
8 24 0.20912703575566827
8 25 0.20026351204029272
8 26 0.2018819649469886
8 27 0.20884809515902508
8 28 0.20403331101351496
8 29 0.21202484524302329
8 30 0.20957832528592477
9 1 0.3856049372472919
9 2 0.31425037843080567
9 3 0.31953819627900554
9 4 0.28362616345840014
9 5 0.27651137978270524
9 6 0.25334751254694204
9 7 0.24238637477689506
9 8 0.24119180867737905
9 9 0.23944533889236452
9 10 0.23356468111141096
9 11 0.226295405563621
9 12 0.20552153911700694
9 13 0.2194560630701587
9 14 0.21183378257116453
9 15 0.21690212944058135
9 16 0.20949180752353597
9 17 0.21874330739723383
9 18 0.2070647844374276
9 19 0.2132065114809881
9 20 0.21608045343340826
9 21 0.20466438249692265
9 22 0.1935026016315803
9 23 0.19612945500117282
9 24 0.202482516146205
9 25 0.19882394560280056
9 26 0.2055420785500798
9 27 0.21092493390735037
9 28 0.19822888494543295
9 29 0.20848312251420698
9 30 0.19218284302796562
10 1 0.37118918192662453
10 2 0.3266587821592464
10 3 0.2927023775706038
10 4 0.29220623337428975
10 5 0.26170879239081235
10 6 0.2670140724467911
10 7 0.24315470664929492
10 8 0.24469795916923878
10 9 0.2521214895466969
10 10 0.2338313240074449
10 11 0.2218950993884289
10 12 0.21612539176806922
10 13 0.21040110674127313
10 14 0.21143389922531616
10 15 0.2172465730984283
10 16 0.22324387879253535
10 17 0.20129467613580407
10 18 0.19577242514497134
10 19 0.1992504798822973
10 20 0.20942747142362167
10 21 0.20614185056905146
10 22 0.19892611904663804
10 23 0.1890314023904678
10 24 0.1932922151066684
10 25 0.20401799459906086
10 26 0.18689391845481376
10 27 0.20084196993681214
10 28 0.18390705661170847
10 29 0.19289355707264424
10 30 0.1781141954414063
11 1 0.3579624074159772
11 2 0.33334099382605015
11 3 0.3112753871895619
11 4 0.2932400679900023
11 5 0.25052510648548104
11 6 0.24831302893860085
11 7 0.24659845411945913
11 8 0.23435307507675587
11 9 0.2178042728989644
11 10 0.22743728426843712
11 11 0.2079241638205072
11 12 0.19772881832863054
11 13 0.20932037849489787
11 14 0.21788321064032382
11 15 0.2146963257265569
11 16 0.21208617503969865
11 17 0.19967306840675098
11 18 0.2031026632671618
11 19 0.18427179499423235
11 20 0.18001083414717775
11 21 0.19761494412440322
11 22 0.18988376038516025
11 23 0.19071732239231595
11 24 0.19102558806683267
11 25 0.18943398451167284
11 26 0.1897636179348544
11 27 0.18705430086176483
11 28 0.18787546531221833
11 29 0.17358837231182503
11 30 0.17435985792666261
12 1 0.37952622191199137
12 2 0.32477411050299837
12 3 0.2911768875441391
12 4 0.27802688171319956
12 5 0.263192422193284
12 6 0.2628348446751835
12 7 0.22632117353662526
12 8 0.22921556435629267
12 9 0.22874492292632262
12 10 0.21702987808043014
12 11 0.21846917354782847
12 12 0.20075874503406074
12 13 0.20702670854947747
12 14 0.1949602978475675
12 15 0.20698370505790828
12 16 0.18142065370809157
12 17 0.18993187707631434
12 18 0.19836406499262513
12 19 0.188797689421638
12 20 0.18220661077310635
12 21 0.19490782851036073
12 22 0.17268738337153705
12 23 0.186135889389241
12 24 0.17750096078742195
12 25 0.18532710978190964
12 26 0.18092975306719838
12 27 0.1808164454630977
12 28 0.1735300282625619
12 29 0.18576943161886958
12 30 0.18192097343600103
13 1 0.35073452731739385
13 2 0.3115306242407008
13 3 0.300206207751322
13 4 0.2816540413715175
13 5 0.26179248725888793
13 6 0.25002868129402445
13 7 0.2399233054965176
13 8 0.21571382239394676
13 9 0.2255631052224745
13 10 0.21492754580731271
13 11 0.2070801610459975
13 12 0.20673898266192064
13 13 0.20713328806090323
13 14 0.19013481341946822
13 15 0.19073402807367876
13 16 0.17799283474378746
13 17 0.18653728737067124
13 18 0.2032787627602284
13 19 0.1890531164815889
13 20 0.1822658945316799
13 21 0.1770846653115337
13 22 0.17936491180702957
13 23 0.17601294519362232
13 24 0.17181987267141602
13 25 0.18303413019180137
13 26 0.17308002762227134
13 27 0.17710036453738345
13 28 0.172572082278108
13 29 0.17443854721185517
13 30 0.16585828293570987
14 1 0.3594231917298107
14 2 0.3093864139261903
14 3 0.2755703687527513
14 4 0.2668275881016962
14 5 0.2606873100200634
14 6 0.2528976061766152
14 7 0.2200599815644069
14 8 0.22006237345193447
14 9 0.20996121124544692
14 10 0.22211399522938466
14 11 0.20546781584080026
14 12 0.20149317031202182
14 13 0.1920529853111601
14 14 0.1861086613968119
14 15 0.193742063741541
14 16 0.19853747670285624
14 17 0.17837897253427532
14 18 0.17558814404232403
14 19 0.18882396903172427
14 20 0.19075873770730173
14 21 0.16416746879288205
14 22 0.17434958628761937
14 23 0.17793069947489762
14 24 0.1717618267033301
14 25 0.16516869857648508
14 26 0.1690061622718144
14 27 0.1740966909666837
14 28 0.17306323776549604
14 29 0.16757574057370414
14 30 0.15891683645793223
15 1 0.3777138172379046
15 2 0.32523195495174156
15 3 0.2948079910097688
15 4 0.2577011224863708
15 5 0.2528403260445572
15 6 0.22961437483446373
15 7 0.23371651200540833
15 8 0.2130259075380068
15 9 0.20967141754378027
15 10 0.2083249305399488
15 11 0.21179751745627856
15 12 0.2089756037970179
15 13 0.2000866110326892
15 14 0.18095977980101824
15 15 0.1835923042404465
15 16 0.19230992489666465
15 17 0.17738438762602662
15 18 0.1686804174974707
15 19 0.181597112807917
15 20 0.17020115501428595
15 21 0.16970331958764237
15 22 0.17546741613995567
15 23 0.1717499750316911
15 24 0.16899569438374765
15 25 0.1642659615173143
15 26 0.16594122264336367
15 27 0.17828244293403958
15 28 0.17108411465116843
15 29 0.1727448288188112
15 30 0.15773907908136217
16 1 0.3640561658585358
16 2 0.3055713036417587
16 3 0.28784856800075925
16 4 0.25678625984787556
16 5 0.23786129016697105
16 6 0.2443773290027814
16 7 0.22414099889798064
16 8 0.22111491849711684
16 9 0.2079974318757161
16 10 0.2213675465935392
16 11 0.19244845761130733
16 12 0.2106174991393689
16 13 0.20179488216310953
16 14 0.18544746992971367
16 15 0.1787914395267925
16 16 0.17808431223733379
16 17 0.17136441781695402
16 18 0.18206234220274445
16 19 0.17884887308410066
16 20 0.17429494413924737
16 21 0.16307160840053964
16 22 0.17045267906504707
16 23 0.1733832231223223
16 24 0.17377979694910214
16 25 0.16353502731583414
16 26 0.16368174514624761
16 27 0.18306230783868296
16 28 0.16119821195726036
16 29 0.15720455758299512
16 30 0.16711369308462076
17 1 0.35312910299891104
17 2 0.30092343527744986
17 3 0.27549045643433695
17 4 0.2575539618971701
17 5 0.23754988386654338
17 6 0.24395551433815343
17 7 0.21128789450740007
17 8 0.2171159352261576
17 9 0.20321936784650024
17 10 0.19229819403323897
17 11 0.1920577310302915
17 12 0.19969154663935526
17 13 0.18087635129478058
17 14 0.19022112254391316
17 15 0.1761301218314144
17 16 0.1864581749206142
17 17 0.17949683654973386
17 18 0.17037888781726784
17 19 0.1616041718684993
17 20 0.17588812299020584
17 21 0.16697696197956807
17 22 0.15904013054754157
17 23 0.16925796088666215
17 24 0.15452744415621092
17 25 0.1608004877632
17 26 0.15253634534183325
17 27 0.15759418282243703
17 28 0.16258563408537044
17 29 0.14460510297611515
17 30 0.14896948748967967
18 1 0.34905015227382397
18 2 0.32212478019509094
18 3 0.2891846969989118
18 4 0.2613607715833338
18 5 0.2356834359195242
18 6 0.24524158977071006
18 7 0.22185950454049033
18 8 0.2148055598147033
18 9 0.19815942737052322
18 10 0.20347919548275278
18 11 0.20006904912889145
18 12 0.18602938066279548
18 13 0.18371699516293283
18 14 0.1777902510480541
18 15 0.17472526141162578
18 16 0.18258192613114366
18 17 0.1734040884324461
18 18 0.1691417987053701
18 19 0.1734821483926578
18 20 0.16243187136197104
18 21 0.16753277801658842
18 22 0.15460915021012023
18 23 0.15631743689638508
18 24 0.15608253891355042
18 25 0.1569700682712327
18 26 0.15700554779132178
18 27 0.15796670192385553
18 28 0.1608019990159332
18 29 0.15429559371224175
18 30 0.1510204064074612
19 1 0.3694263631244558
19 2 0.31369258545941975
19 3 0.2882586866183682
19 4 0.2753776906513895
19 5 0.23676528554255516
19 6 0.22104932582852985
19 7 0.19710045693190356
19 8 0.20944598980347068
19 9 0.2040082908209547
19 10 0.20561049879916457
19 11 0.17964212335238747
19 12 0.19652781211735046
19 13 0.18326184977663001
19 14 0.18448436629196865
19 15 0.17207668993970218
19 16 0.17802217202860848
19 17 0.17358894915947146
19 18 0.16343314104580656
19 19 0.16353152182593061
19 20 0.1665907589075291
19 21 0.1615429949597105
19 22 0.1633510897458867
19 23 0.159256130496644
19 24 0.1569885840027024
19 25 0.16065321898404245
19 26 0.14982923014045452
19 27 0.14481285310314126
19 28 0.14417908117716835
19 29 0.1515590570942862
19 30 0.14896675921120292
20 1 0.34172914222121414
20 2 0.3108981802563122
20 3 0.2713132593248665
20 4 0.25501424898827496
20 5 0.24301357482513622
20 6 0.23242017888355185
20 7 0.21260252504717106
20 8 0.2064789120543628
20 9 0.202244295985916
20 10 0.2022317997058542
20 11 0.19662483699252808
20 12 0.1935026836675333
20 13 0.16634533279308097
20 14 0.17084283199566402
20 15 0.1731476497495538
20 16 0.17343845464925664
20 17 0.14746283163901905
20 18 0.16795568390083704
20 19 0.15562058671352483
20 20 0.16111199001659296
20 21 0.1572635597203777
20 22 0.16060063727030394
20 23 0.15900001363833602
20 24 0.1521493601945601
20 25 0.1490906674951863
20 26 0.15830264671100255
20 27 0.16035695284454202
20 28 0.14346072294588239
20 29 0.1553394964760206
20 30 0.1645060243991793
21 1 0.35517128549213195
21 2 0.3133191709467227
21 3 0.27459955541149067
21 4 0.2727564114646383
21 5 0.2434407584301019
21 6 0.21333083677233294
21 7 0.21159185427187976
21 8 0.2040310688014782
21 9 0.20288617473649415
21 10 0.19135396890908082
21 11 0.19811095795473543
21 12 0.17900486702618157
21 13 0.1754851689868003
21 14 0.1787310959499205
21 15 0.174651472554058
21 16 0.16641026775324874
21 17 0.1628594075769504
21 18 0.15552940795702375
21 19 0.15376883604547129
21 20 0.16229303216140817
21 21 0.1588663372754694
21 22 0.15990553563283005
21 23 0.15027039604529127
21 24 0.14222011570488774
21 25 0.157294528634812
21 26 0.1577836441102479
21 27 0.1600165508954071
21 28 0.14616300770347565
21 29 0.1420091395035898
21 30 0.14931308530809298
22 1 0.37119312626611456
22 2 0.3085795626879038
22 3 0.28028022507096195
22 4 0.257938464113437
22 5 0.262561671390107
22 6 0.22086642809985166
22 7 0.20222935215245358
22 8 0.21029013070647162
22 9 0.19999937532602016
22 10 0.18803564469204545
22 11 0.17944427165668206
22 12 0.17670509308043256
22 13 0.1753715946834916
22 14 0.1779665840291315
22 15 0.16753126181823755
22 16 0.16054936076694007
22 17 0.1569833891333199
22 18 0.1568987655421659
22 19 0.15199825504523362
22 20 0.1632749748308739
22 21 0.1495297213019337
22 22 0.16594522235681308
22 23 0.1502696474108823
22 24 0.1586946812218148
22 25 0.15167236386361474
22 26 0.15099977775201912
22 27 0.14446360419583895
22 28 0.1486438999585587
22 29 0.14080530687259135
22 30 0.1440360609042179
23 1 0.3494847195763646
23 2 0.3170480987934076
23 3 0.2872029946679626
23 4 0.24377371439339066
23 5 0.22858483182025288
23 6 0.20500249492979686
23 7 0.23185127427523694
23 8 0.20438044885531523
23 9 0.20179786936064453
23 10 0.18605243899330048
23 11 0.1783412025862155
23 12 0.17875618720943046
23 13 0.17687374233487504
23 14 0.1668161587477422
23 15 0.1636165751111056
23 16 0.16562689558340804
23 17 0.15007894140327208
23 18 0.15587764313610677
23 19 0.1586084977333921
23 20 0.16404526414300039
23 21 0.1496811425864772
23 22 0.15649203376047177
23 23 0.14795885378983162
23 24 0.15059989437675975
23 25 0.14974452366610627
23 26 0.15534754795261893
23 27 0.14436445055250208
23 28 0.14684886698793334
23 29 0.14077187085448298
23 30 0.14041752702648846
24 1 0.34533379623721966
24 2 0.30364454662779383
24 3 0.27542528307652747
24 4 0.2596806815118613
24 5 0.2395527849418005
24 6 0.2289060713312369
24 7 0.20782098670666907
24 8 0.20689200681365716
24 9 0.18108590823150403
24 10 0.19327175193458013
24 11 0.17576465350512785
24 12 0.17484132657974935
24 13 0.1670684754529207
24 14 0.1731466048447526
24 15 0.16286486384381707
24 16 0.1630990599485346
24 17 0.1593650481137842
24 18 0.1655821103478891
24 19 0.14453135283719137
24 20 0.15586428605897193
24 21 0.15703195294338038
24 22 0.15146788007359907
24 23 0.1505225730518153
24 24 0.14152278138035085
24 25 0.1486870718738016
24 26 0.13569604098596197
24 27 0.14073836967676442
24 28 0.14218932363697998
24 29 0.14299994237584202
24 30 0.14478675971549154
25 1 0.34774285515860903
25 2 0.3107472827546273
25 3 0.27415718133249445
25 4 0.26136468731687124
25 5 0.2416792031964432
25 6 0.21701905087142748
25 7 0.21235562770932226
25 8 0.19934699041470488
25 9 0.19880219963541307
25 10 0.18966651044361613
25 11 0.17290820349089595
25 12 0.17445952218565686
25 13 0.17601691498808603
25 14 0.17131025417138232
25 15 0.1687800323908484
25 16 0.16615903752747127
25 17 0.1627863684725038
25 18 0.1518780261677867
25 19 0.14930443444172878
25 20 0.15935066278579246
25 21 0.1425308193137219
25 22 0.14314216079073483
25 23 0.14091767864460034
25 24 0.14389677403544596
25 25 0.14843909331001442
25 26 0.14728962614090058
25 27 0.14663026938150267
25 28 0.13158025428285364
25 29 0.13832791249100293
25 30 0.1407030017577383
26 1 0.36434317991168935
26 2 0.3122112534656096
26 3 0.27531925071986674
26 4 0.25386794440563604
26 5 0.22907809342936417
26 6 0.2124443508258393
26 7 0.22201355675254314
26 8 0.17978217563380564
26 9 0.19850933183897004
26 10 0.1760556602834974
26 11 0.1958167816475391
26 12 0.17492248867028373
26 13 0.17339733114770647
26 14 0.17316737911761812
26 15 0.16004885910761613
26 16 0.1574026726272401
26 17 0.15227535303679593
26 18 0.15787377097288186
26 19 0.14963104130325836
26 20 0.14805708036388518
26 21 0.14569896379139233
26 22 0.14526342877047002
26 23 0.13877522496446054
26 24 0.14194808899122982
26 25 0.13356053258516765
26 26 0.14008544062474465
26 27 0.13239990819713376
26 28 0.13793936621894443
26 29 0.13205219198987114
26 30 0.1425616049189081
27 1 0.3768695403172594
27 2 0.3155274243474883
27 3 0.2668792701980059
27 4 0.2643994342169759
27 5 0.23043850560794168
27 6 0.22885669037407708
27 7 0.22053059876924735
27 8 0.1870970242895014
27 9 0.18223513375843545
27 10 0.17865506815267407
27 11 0.17205422459908234
27 12 0.1759592638711117
27 13 0.1651306757583944
27 14 0.1852920831605017
27 15 0.15795138922647378
27 16 0.16525903418777257
27 17 0.1465265824473911
27 18 0.15685489223718424
27 19 0.16354855660023027
27 20 0.15230976823980807
27 21 0.1522349584550663
27 22 0.1390952982604242
27 23 0.14629499969534665
27 24 0.14353374299665556
27 25 0.13892302027321463
27 26 0.13910587823912543
27 27 0.14246619692302978
27 28 0.14016168532897805
27 29 0.1301195304383217
27 30 0.13286765347266485
28 1 0.3564186999256848
28 2 0.30129317538841943
28 3 0.28052810386616894
28 4 0.2529556850504522
28 5 0.2314231721580068
28 6 0.23300296640590537
28 7 0.2016057465038972
28 8 0.2121070424079725
28 9 0.18138689762644158
28 10 0.17801307769962652
28 11 0.17392432415989728
28 12 0.17234808567458756
28 13 0.16593845528207268
28 14 0.16638850180187223
28 15 0.16809727451940837
28 16 0.1587597645341932
28 17 0.15005074116521594
28 18 0.15165240847162867
28 19 0.14307558012911684
28 20 0.15795236009553892
28 21 0.13836865572889034
28 22 0.14179393847810626
28 23 0.15303112324530868
28 24 0.13448393458810806
28 25 0.13436489640053634
28 26 0.13743696453395854
28 27 0.1421837130594348
28 28 0.13750835359376512
28 29 0.13642956774128465
28 30 0.1364228963480254
29 1 0.38183631805698776
29 2 0.29716849172941745
29 3 0.25635046803021705
29 4 0.2458537583173772
29 5 0.2197827003726485
29 6 0.22789903305844664
29 7 0.20197509184995863
29 8 0.19656220157988158
29 9 0.18938481691194328
29 10 0.20111038168772163
29 11 0.17119813616124163
29 12 0.1766896281648774
29 13 0.1614388904050613
29 14 0.1569155407932782
29 15 0.16806084563008153
29 16 0.16017992397404848
29 17 0.1544892500423308
29 18 0.16032480204245048
29 19 0.1486493913441458
29 20 0.14878147329918195
29 21 0.14672236253414594
29 22 0.14438294101706223
29 23 0.14665311143947107
29 24 0.1384020595224194
29 25 0.1467154451673467
29 26 0.14269425409254896
29 27 0.139692689324029
29 28 0.142440807381665
29 29 0.13294308006965602
29 30 0.12784034776737133
30 1 0.353189020880443
30 2 0.301795172963487
30 3 0.25682085003815125
30 4 0.253262958809056
30 5 0.22873894911252063
30 6 0.22364136315525723
30 7 0.2070242609410643
30 8 0.19312570962431064
30 9 0.19198313051771757
30 10 0.1865311560258066
30 11 0.17666641502503008
30 12 0.16038202806273671
30 13 0.16476094378179273
30 14 0.15952105864937588
30 15 0.16327754368319364
30 16 0.1637759348632452
30 17 0.16457776232934979
30 18 0.15062907972713183
30 19 0.14236642768928665
30 20 0.14746915290513982
30 21 0.14053037238566193
30 22 0.1549686081593288
30 23 0.13696020265060568
30 24 0.1394869534981825
30 25 0.13122372696393056
30 26 0.132921511339212
30 27 0.13149546836390222
30 28 0.13183149653423046
30 29 0.13414521996149537
30 30 0.1373296073538072
