numcats numobs deviation
1 1 0.28500977132202326
1 2 0.2851942443126777
1 3 0.285406550927812
1 4 0.2894907564696289
1 5 0.2913301634171472
1 6 0.2877987149279166
1 7 0.2914615482525899
1 8 0.28517097610105363
1 9 0.28422972950199743
1 10 0.2929279196115687
1 11 0.2865916349671516
1 12 0.28730419777375016
1 13 0.290788854033036
1 14 0.29040320216684845
1 15 0.28728533918094595
1 16 0.28369950186550197
1 17 0.28481641431713245
1 18 0.28777890213791485
1 19 0.29496732573839646
1 20 0.2845775401065221
1 21 0.2912833958500261
1 22 0.2927190225858176
1 23 0.2938924968365447
1 24 0.2886247078697016
1 25 0.29348732634242936
1 26 0.28751624778095286
1 27 0.2841061649050507
1 28 0.27849363087440787
1 29 0.2920757073897047
1 30 0.2895209372996172
2 1 0.285203488742277
2 2 0.28960365941975763
2 3 0.2901414489142346
2 4 0.2797975725747387
2 5 0.2920640019578103
2 6 0.28396677261267556
2 7 0.2867520652053546
2 8 0.28483652561210326
2 9 0.29166733296180736
2 10 0.282771105651011
2 11 0.29044524398284005
2 12 0.29500299968675975
2 13 0.29014951833326735
2 14 0.29531665767849175
2 15 0.2834099222341448
2 16 0.29288868245904065
2 17 0.29389810696483043
2 18 0.2918930376234549
2 19 0.29099399086733596
2 20 0.28829220779561754
2 21 0.2924372522186321
2 22 0.28406989394450777
2 23 0.2900883331095685
2 24 0.28817470053781596
2 25 0.2874987463562148
2 26 0.2804219558942657
2 27 0.291818950927953
2 28 0.28326860282802374
2 29 0.2896599353429952
2 30 0.29160337140688253
3 1 0.2872239100965038
3 2 0.28880797597402025
3 3 0.2823548223661898
3 4 0.28597298281906725
3 5 0.291482260706949
3 6 0.27345018720297903
3 7 0.28282787591624164
3 8 0.28775549488010743
3 9 0.2730269792438464
3 10 0.28075839105432127
3 11 0.2726871425937519
3 12 0.2875830244168863
3 13 0.28473011074315996
3 14 0.2856521838397192
3 15 0.2781997311218663
3 16 0.2809834362640013
3 17 0.28890593291130756
3 18 0.27537956727888346
3 19 0.28022827348959356
3 20 0.275217392558741
3 21 0.2750144035891134
3 22 0.272776872703137
3 23 0.27499917595091006
3 24 0.272660994109442
3 25 0.2706530836752605
3 26 0.28386343932292646
3 27 0.2740229107038026
3 28 0.27252170868972064
3 29 0.2834052689777213
3 30 0.27091501114372946
4 1 0.29112294749623635
4 2 0.2901887197869428
4 3 0.2837263542570646
4 4 0.27895924639968667
4 5 0.27797535583239014
4 6 0.27491775741932933
4 7 0.267687244844831
4 8 0.2751912349742316
4 9 0.2700878446233244
4 10 0.2735888969196311
4 11 0.2648514719003193
4 12 0.2670842307025191
4 13 0.26478072974939426
4 14 0.27382694136556945
4 15 0.26718774525923855
4 16 0.26634871425242346
4 17 0.27328463989233875
4 18 0.2694594554029714
4 19 0.2677074588389122
4 20 0.27119059495239156
4 21 0.27065825003116273
4 22 0.27106111184605486
4 23 0.26391477366377464
4 24 0.26594410546375924
4 25 0.26421405055657016
4 26 0.26174394762711656
4 27 0.26890878885167535
4 28 0.2572423161557357
4 29 0.25831050265708977
4 30 0.26158052716296687
5 1 0.2872877546305417
5 2 0.28534946509189196
5 3 0.287711953279509
5 4 0.27836391257101356
5 5 0.27354326921363026
5 6 0.26907098176374855
5 7 0.26862877430494314
5 8 0.26751746882905986
5 9 0.25801406767686863
5 10 0.2627498980196292
5 11 0.2645784286567709
5 12 0.26700183649236936
5 13 0.255447115795748
5 14 0.2517374503860504
5 15 0.2567068045955822
5 16 0.2640684766545049
5 17 0.2624435347218686
5 18 0.244448645167608
5 19 0.2561852614125179
5 20 0.2563639241025851
5 21 0.255100081124352
5 22 0.2537096427855502
5 23 0.2530642926381119
5 24 0.2546425058886736
5 25 0.25804827001340996
5 26 0.25456658296272205
5 27 0.2544002150523173
5 28 0.25082740633253403
5 29 0.2514015760354762
5 30 0.2531603146426287
6 1 0.2912530324472317
6 2 0.28492518723485644
6 3 0.2829904360282168
6 4 0.2856377804503891
6 5 0.2738430985445298
6 6 0.2608419762396558
6 7 0.26355815940118543
6 8 0.2645421921658615
6 9 0.25982782015020645
6 10 0.25496222838737337
6 11 0.25838259749111264
6 12 0.249772278811639
6 13 0.24784478856146627
6 14 0.25279167876065534
6 15 0.25549769372320646
6 16 0.25477753389546737
6 17 0.2514278185235985
6 18 0.2489238214002274
6 19 0.2460176093787058
6 20 0.24039765512454744
6 21 0.24262322277057455
6 22 0.2373625319075563
6 23 0.2432097175231445
6 24 0.23951821562965778
6 25 0.2520842232564088
6 26 0.24598594951876573
6 27 0.24775799871077275
6 28 0.2361733500935621
6 29 0.2500026565633396
6 30 0.24223495963830105
7 1 0.2853319908653814
7 2 0.2838226563576471
7 3 0.2785882520945533
7 4 0.2702809284059848
7 5 0.2619509811407544
7 6 0.26257795189133265
7 7 0.25575877048705425
7 8 0.25703433757838784
7 9 0.2534754596166057
7 10 0.24801394943879962
7 11 0.25335059384179287
7 12 0.25164123261195254
7 13 0.24693940774723588
7 14 0.2459695459864996
7 15 0.23798957432250534
7 16 0.24626859623359112
7 17 0.2502883239331218
7 18 0.24862747508134223
7 19 0.24017841065823536
7 20 0.23171758506286969
7 21 0.23719595799444118
7 22 0.24255665859118883
7 23 0.23422725316246218
7 24 0.23600842782847023
7 25 0.22966383658392628
7 26 0.23486066460198896
7 27 0.23051143987123113
7 28 0.2302625578701161
7 29 0.22923145742243967
7 30 0.2354003045910521
8 1 0.2934254203392854
8 2 0.2800530520284771
8 3 0.27542702178756356
8 4 0.27109610758670494
8 5 0.26240818949096056
8 6 0.25874368044371004
8 7 0.2651944062082906
8 8 0.2570320119533399
8 9 0.2515308074150733
8 10 0.25390730096257064
8 11 0.24417050021210093
8 12 0.2421605698294044
8 13 0.2360699274071821
8 14 0.24454772449366624
8 15 0.24359802335417816
8 16 0.23510817909759774
8 17 0.2264620028667971
8 18 0.2411715314578776
8 19 0.23076392355397143
8 20 0.23755280711379234
8 21 0.22905578407394295
8 22 0.2360880332895337
8 23 0.2368745282058647
8 24 0.23166950345203188
8 25 0.23826112923333972
8 26 0.22641455068508232
8 27 0.23355818735273115
8 28 0.2220588493627923
8 29 0.2322336993192013
8 30 0.2339651734223792
9 1 0.2866707266129673
9 2 0.28677404058636563
9 3 0.2757983419856272
9 4 0.2734104071686045
9 5 0.25467155906271577
9 6 0.2588785998209984
9 7 0.2483069808827784
9 8 0.25172980378946935
9 9 0.2454559334188519
9 10 0.23643018542944289
9 11 0.23933368911449796
9 12 0.2376397523980585
9 13 0.23691937406694707
9 14 0.23602748581992788
9 15 0.23554530337468713
9 16 0.23158904979176742
9 17 0.2330028870160324
9 18 0.24333379365084706
9 19 0.2250871314799131
9 20 0.22082944511004168
9 21 0.21792935619812362
9 22 0.234776903192099
9 23 0.2227187004781925
9 24 0.22011163623889
9 25 0.21768473432414254
9 26 0.21881306271828632
9 27 0.21523663235698423
9 28 0.2198708743735705
9 29 0.22110186896389314
9 30 0.22015001137102527
10 1 0.289730334752156
10 2 0.2789583653365033
10 3 0.2706583486460296
10 4 0.27209928883898754
10 5 0.2617536911559207
10 6 0.24934564128686468
10 7 0.25479273905978433
10 8 0.25072029660351475
10 9 0.24619768332649392
10 10 0.25053710498392023
10 11 0.2390381816529981
10 12 0.23556885242976672
10 13 0.22180868160966355
10 14 0.22187216099834928
10 15 0.23022274575169566
10 16 0.22445465994642355
10 17 0.22326887691468947
10 18 0.2189579421375847
10 19 0.22007681573037974
10 20 0.2287260889749085
10 21 0.22515862558046523
10 22 0.21232573564884605
10 23 0.2132932968730474
10 24 0.22432436367971856
10 25 0.21422201421122414
10 26 0.21592375778801595
10 27 0.21476400252217664
10 28 0.2129539233195208
10 29 0.21631105845695095
10 30 0.20940278394077297
11 1 0.29111406450170185
11 2 0.2789706883984252
11 3 0.2742374446449461
11 4 0.2697899977743749
11 5 0.2490535017532544
11 6 0.25762307696154124
11 7 0.2488870021489044
11 8 0.24734852904920496
11 9 0.23715321653572194
11 10 0.2379435560456576
11 11 0.23416407627855543
11 12 0.23184524483394311
11 13 0.2339720178250895
11 14 0.2226074043016997
11 15 0.21513079448802855
11 16 0.2264135314268246
11 17 0.223884447663832
11 18 0.21818663464383198
11 19 0.21809014502343954
11 20 0.21606368103459753
11 21 0.21575904627677678
11 22 0.2146455144429975
11 23 0.2116657376197882
11 24 0.2023007072270002
11 25 0.21095167885756363
11 26 0.2097122010728148
11 27 0.20510649845561119
11 28 0.203373057627824
11 29 0.20356565024801127
11 30 0.21330437441448202
12 1 0.29113114102829457
12 2 0.2780630455353501
12 3 0.26548672218157315
12 4 0.26377836105892116
12 5 0.25064175174251163
12 6 0.2518853394479091
12 7 0.24643577823112245
12 8 0.24002271613163484
12 9 0.23491467000398475
12 10 0.2353661850445999
12 11 0.23478030519513354
12 12 0.2202461737242916
12 13 0.21967067041441454
12 14 0.21793909047686486
12 15 0.22490044948979956
12 16 0.22108774860566158
12 17 0.21397592005668392
12 18 0.2203938034894523
12 19 0.20333135752598713
12 20 0.2189205059432908
12 21 0.2149885546119783
12 22 0.2128734083163172
12 23 0.21134590811901738
12 24 0.20650366080289378
12 25 0.21075619161341874
12 26 0.21107573155842974
12 27 0.21394134330537015
12 28 0.20684923875046357
12 29 0.21051260610498768
12 30 0.20730755576962254
13 1 0.2816771283405922
13 2 0.2806293589299472
13 3 0.25723637172220115
13 4 0.26551514563620915
13 5 0.2634585122361876
13 6 0.2556825422547017
13 7 0.2336291586810646
13 8 0.2375683515777585
13 9 0.23019430041512665
13 10 0.2308981676223897
13 11 0.23109213568395368
13 12 0.22571576967095483
13 13 0.22687880454376114
13 14 0.21564749162346217
13 15 0.22298703119958027
13 16 0.21509911103763577
13 17 0.21641496033023605
13 18 0.21214204299439168
13 19 0.2144076364626833
13 20 0.20952034020835805
13 21 0.21259672889850312
13 22 0.20732825629617155
13 23 0.20730741762479302
13 24 0.20143794998793071
13 25 0.20270100990362624
13 26 0.2049181101929344
13 27 0.19969159786400723
13 28 0.20213638035469933
13 29 0.1952699274998381
13 30 0.2056845014449444
14 1 0.2879766093603377
14 2 0.27849999506559975
14 3 0.2651612821356178
14 4 0.2626651552805898
14 5 0.26233955016012017
14 6 0.24636019364413905
14 7 0.23816710699854943
14 8 0.2381290773853533
14 9 0.22996959648848112
14 10 0.22828705774025837
14 11 0.2233469184741766
14 12 0.2238192838832456
14 13 0.21558004092361743
14 14 0.21020122461716015
14 15 0.2193888620563721
14 16 0.21987234448769433
14 17 0.20682392496510454
14 18 0.21170835275597702
14 19 0.20820048001557975
14 20 0.20678766549543698
14 21 0.20880797176172755
14 22 0.2058181380010786
14 23 0.2012525268938619
14 24 0.2043811010099978
14 25 0.19918242591447077
14 26 0.1975975220744012
14 27 0.19668434340952995
14 28 0.1974514702425278
14 29 0.19857000264121735
14 30 0.19472221321497332
15 1 0.2847029345393291
15 2 0.27322243602904983
15 3 0.26847419266668743
15 4 0.2601919737118771
15 5 0.25463053687963794
15 6 0.23978158765363428
15 7 0.24402397948620339
15 8 0.23429087032018503
15 9 0.2219062355074694
15 10 0.22432503324337372
15 11 0.22285836668090345
15 12 0.2221436433914398
15 13 0.2123771141137928
15 14 0.216511600081948
15 15 0.21844772811867974
15 16 0.21862041423518175
15 17 0.20658036120186563
15 18 0.20577528764127845
15 19 0.20438165524766308
15 20 0.20997196531733894
15 21 0.21013348927450626
15 22 0.19833055823022483
15 23 0.20878817005017772
15 24 0.19592012881910081
15 25 0.19976248718787115
15 26 0.19541957489439735
15 27 0.19178841717839118
15 28 0.20130913425679464
15 29 0.19414526657697667
15 30 0.19298668035626318
16 1 0.29036224368275987
16 2 0.2814758015354505
16 3 0.2712253296740623
16 4 0.2543399847198097
16 5 0.24561011539581865
16 6 0.24277052861636547
16 7 0.23635087217596604
16 8 0.2223730334169098
16 9 0.22785544543349776
16 10 0.23275794260139018
16 11 0.22812437934209506
16 12 0.21460496885313984
16 13 0.21956008207031483
16 14 0.21549525988055473
16 15 0.20368075260380886
16 16 0.20185308160398832
16 17 0.20707515685958147
16 18 0.2071583187720958
16 19 0.19951965620787723
16 20 0.20051534757338643
16 21 0.20028623707064097
16 22 0.1941002205973989
16 23 0.20430746290591195
16 24 0.19122610414682858
16 25 0.19755526309376367
16 26 0.19357832420466037
16 27 0.19352986633993993
16 28 0.192744556635014
16 29 0.1952159240627295
16 30 0.1985748121362229
17 1 0.29389325549351136
17 2 0.27374668840689903
17 3 0.2632262692833245
17 4 0.25647621508935814
17 5 0.24778292872604607
17 6 0.24622846138255658
17 7 0.2441875759683147
17 8 0.24005057086294698
17 9 0.23182850625058904
17 10 0.23028405953519412
17 11 0.21788911270687975
17 12 0.2157431942637151
17 13 0.20259280912143884
17 14 0.2100876070000833
17 15 0.2046118534344996
17 16 0.1993667298542771
17 17 0.2074519235166067
17 18 0.20294806723644407
17 19 0.19933061193624618
17 20 0.19745888275536252
17 21 0.1941129773751786
17 22 0.1989490569238749
17 23 0.18298529385353543
17 24 0.19788683913833552
17 25 0.1931985523050546
17 26 0.18941005759522922
17 27 0.1890734397757009
17 28 0.1940169108125872
17 29 0.19249949945440023
17 30 0.19441365708771333
18 1 0.289132322386039
18 2 0.2712193248971169
18 3 0.27147219179582144
18 4 0.2527695514581596
18 5 0.25066813895735357
18 6 0.2453450135894869
18 7 0.24611700818612792
18 8 0.23434941823971292
18 9 0.21968809870625378
18 10 0.22229036362426427
18 11 0.21807940089793496
18 12 0.207511314904151
18 13 0.20964010184126414
18 14 0.20634271585521774
18 15 0.1980731656157934
18 16 0.20433552596604673
18 17 0.19631129631880015
18 18 0.1948514350475502
18 19 0.1971549092226906
18 20 0.2025666638104837
18 21 0.19619180324003085
18 22 0.19750866934391825
18 23 0.1856149607746851
18 24 0.1969250310785336
18 25 0.18989444136763184
18 26 0.18899480436304475
18 27 0.19316829144466868
18 28 0.1893172693556383
18 29 0.1836641677174567
18 30 0.17498120619780322
19 1 0.290482275268042
19 2 0.2734179190572514
19 3 0.257899166027059
19 4 0.2623591822016436
19 5 0.24190912107430593
19 6 0.24451404327160134
19 7 0.2371917625240525
19 8 0.22912758125473673
19 9 0.22194852040517604
19 10 0.2222463890806121
19 11 0.2146661615351538
19 12 0.20425029150461202
19 13 0.2105937748834241
19 14 0.2108944446852444
19 15 0.2104992852969008
19 16 0.19865854281999237
19 17 0.201803324216981
19 18 0.1999220267960126
19 19 0.1937289426663969
19 20 0.19759743115230075
19 21 0.19530936239749835
19 22 0.19071730598532383
19 23 0.19102839275278533
19 24 0.19083817702581557
19 25 0.1902210718280456
19 26 0.17827316516795408
19 27 0.18451086360218227
19 28 0.1809498177051072
19 29 0.170300692924169
19 30 0.18216572937058512
20 1 0.2913626279492495
20 2 0.2845380659887816
20 3 0.2585259283540659
20 4 0.2590360089102311
20 5 0.2467837655455232
20 6 0.23986355327801115
20 7 0.22644524827324075
20 8 0.22280736714192304
20 9 0.22467594165416546
20 10 0.2192688001319194
20 11 0.21073698286381493
20 12 0.21135718168392925
20 13 0.20894984006069942
20 14 0.21306483801757756
20 15 0.2007527883715296
20 16 0.1892537794452002
20 17 0.2023278661962276
20 18 0.19252833040865802
20 19 0.19794094991059433
20 20 0.18781047109287433
20 21 0.19879475926708803
20 22 0.18964083203078388
20 23 0.18669690689167276
20 24 0.19498444934262
20 25 0.17990983947676362
20 26 0.17778172208294565
20 27 0.18125033461272894
20 28 0.181409566051818
20 29 0.1916048935779275
20 30 0.18366162386127277
21 1 0.28794965685872054
21 2 0.2708162870528576
21 3 0.2777351016232443
21 4 0.2620186539739561
21 5 0.24952929356919856
21 6 0.24828918738463138
21 7 0.2352096630565002
21 8 0.23311707509254473
21 9 0.22134275241514834
21 10 0.21981140578452954
21 11 0.2228867917127254
21 12 0.20401184728285673
21 13 0.213761420171937
21 14 0.20153241432498042
21 15 0.201249803553275
21 16 0.20098162319412258
21 17 0.1936815861980196
21 18 0.18986961551825948
21 19 0.19156736844995673
21 20 0.18525353279506432
21 21 0.1928364862506405
21 22 0.18945510876969537
21 23 0.17709047114625057
21 24 0.19346634712614075
21 25 0.18413424866595995
21 26 0.1899371674583544
21 27 0.1909393252116878
21 28 0.1834611246807482
21 29 0.17082706679771636
21 30 0.1762739173081961
22 1 0.28753804390642257
22 2 0.2754172034432307
22 3 0.27220216727623364
22 4 0.2627491236728595
22 5 0.2468980032891141
22 6 0.23799061091385804
22 7 0.22702918449872037
22 8 0.23220750636082413
22 9 0.22368654972096522
22 10 0.21554240944463993
22 11 0.2110870994696709
22 12 0.21151473255121161
22 13 0.21852410630356278
22 14 0.19999705053026745
22 15 0.19747387699369004
22 16 0.19933418276958076
22 17 0.19867540374425485
22 18 0.19047306485159876
22 19 0.19397183629216183
22 20 0.18913417158690138
22 21 0.1782858615310366
22 22 0.18571518015715896
22 23 0.18902261417882585
22 24 0.1837543118057054
22 25 0.17696752469352867
22 26 0.17675617218671896
22 27 0.1825235758916114
22 28 0.17265292658554682
22 29 0.17417647628495395
22 30 0.172834626854576
23 1 0.2847483373429865
23 2 0.27404695159113657
23 3 0.25404844739428256
23 4 0.25314089472733503
23 5 0.24335040917976458
23 6 0.23582158767258501
23 7 0.2346981734979066
23 8 0.22248939221457312
23 9 0.21735241678739356
23 10 0.21467853112557805
23 11 0.21265930751802234
23 12 0.2114694463648619
23 13 0.20443076366043278
23 14 0.20768495875557763
23 15 0.20218062516929158
23 16 0.1975889749910398
23 17 0.19449831631077677
23 18 0.1968368481429001
23 19 0.18679449594865685
23 20 0.18387253089513847
23 21 0.18902914490159517
23 22 0.17917078064919914
23 23 0.1793658986754126
23 24 0.1880721548003555
23 25 0.17485281213864434
23 26 0.17213998391087823
23 27 0.1703436382137264
23 28 0.17691295776188254
23 29 0.17485992644167173
23 30 0.17023418797585793
24 1 0.2976121202756112
24 2 0.2809717933479518
24 3 0.26435327371654666
24 4 0.24802803787323108
24 5 0.24566501523524115
24 6 0.23222677215792278
24 7 0.2264315298568906
24 8 0.21313918190760894
24 9 0.227928008066707
24 10 0.21668209006403616
24 11 0.20844683995682128
24 12 0.20300425875689992
24 13 0.19795970398794902
24 14 0.199834278198122
24 15 0.19360997161139967
24 16 0.19449706994925853
24 17 0.19430213560784035
24 18 0.19268544083390082
24 19 0.19492244129013303
24 20 0.1863079949619676
24 21 0.18905447438211223
24 22 0.18350901836122607
24 23 0.18024791852260041
24 24 0.18121776108684368
24 25 0.17686204866097607
24 26 0.18005017762080125
24 27 0.1772778596063444
24 28 0.16504801099972374
24 29 0.1783116628170201
24 30 0.17282450883352352
25 1 0.2771547211011014
25 2 0.2713767880276789
25 3 0.26632782553608303
25 4 0.24891782189931083
25 5 0.230445967382476
25 6 0.23844486158049918
25 7 0.23088689003268814
25 8 0.22565301017056502
25 9 0.22696963993157454
25 10 0.22452987451867393
25 11 0.20655550684125723
25 12 0.21005003089757046
25 13 0.20095820417173976
25 14 0.19294184833092368
25 15 0.1920155802970605
25 16 0.19598592423796163
25 17 0.1952982836706471
25 18 0.19731921401154495
25 19 0.1854627795773435
25 20 0.18247092527788647
25 21 0.1858194571269491
25 22 0.18059500816315605
25 23 0.18063862694165547
25 24 0.1756403466219414
25 25 0.17420163919637816
25 26 0.17110579269340928
25 27 0.18018775394567427
25 28 0.17552296481723825
25 29 0.17701653438761283
25 30 0.17042707857420059
26 1 0.29071974662758304
26 2 0.28102849431789856
26 3 0.2691625502012156
26 4 0.25177679967548044
26 5 0.2557123140912086
26 6 0.23076613971742402
26 7 0.22997094484483196
26 8 0.21438692949657098
26 9 0.21599531242566863
26 10 0.21184015351107757
26 11 0.1987703717841696
26 12 0.20583425632919164
26 13 0.2015282773464217
26 14 0.19602534977055625
26 15 0.1879761345760468
26 16 0.19945998303521975
26 17 0.19177395064750635
26 18 0.1861016207501018
26 19 0.18772125233363632
26 20 0.17991885858145842
26 21 0.18084153851323365
26 22 0.17846060109919065
26 23 0.17961333734246698
26 24 0.18087308684954256
26 25 0.17086132778652818
26 26 0.1730790571627663
26 27 0.17485341561961576
26 28 0.1664078618986232
26 29 0.16612229185809918
26 30 0.17330566926249957
27 1 0.2921267851232653
27 2 0.27659614676470823
27 3 0.27411162316519927
27 4 0.25760894570100096
27 5 0.2562470255144252
27 6 0.23800465093119436
27 7 0.23030970948521612
27 8 0.21909177215966621
27 9 0.213321673630563
27 10 0.2149554637429283
27 11 0.20688389179779365
27 12 0.2101135485702791
27 13 0.19646931476209112
27 14 0.19855710438707042
27 15 0.18843700323526322
27 16 0.19026824815487683
27 17 0.1937278368237891
27 18 0.18823937530919405
27 19 0.18859953670864202
27 20 0.18072130951365886
27 21 0.1874814901357664
27 22 0.18501245702326746
27 23 0.1744197672343193
27 24 0.18359892788908616
27 25 0.17260564260701902
27 26 0.17357238519381674
27 27 0.16925426636982557
27 28 0.1661649379030642
27 29 0.16881877370134463
27 30 0.16839820063387184
28 1 0.27943626654526715
28 2 0.2766097941484039
28 3 0.26259915730027966
28 4 0.2560906584624936
28 5 0.24703781491150562
28 6 0.23336317516613922
28 7 0.22249997554778286
28 8 0.222759067286331
28 9 0.20948117311768993
28 10 0.20789069955598968
28 11 0.21158125411973025
28 12 0.2064493369589356
28 13 0.19546100473247024
28 14 0.19721615292760483
28 15 0.19503655431560485
28 16 0.19090851905376147
28 17 0.1905567574251847
28 18 0.1873070584404635
28 19 0.18915368306231062
28 20 0.17620407077026784
28 21 0.18457821986359477
28 22 0.18815361215969978
28 23 0.17762251577099059
28 24 0.1734915847635889
28 25 0.1703339165145138
28 26 0.17385955140418946
28 27 0.17388557672474636
28 28 0.17284222118676937
28 29 0.16768215221969499
28 30 0.16834559766441334
29 1 0.286528328654359
29 2 0.28208603215730244
29 3 0.2729378528545284
29 4 0.2501985154404423
29 5 0.2414570016279842
29 6 0.24280072125388785
29 7 0.22693591104887553
29 8 0.20910319269011585
29 9 0.21989041692508654
29 10 0.20532478983133517
29 11 0.20017241352032808
29 12 0.19836047804447865
29 13 0.2000282502228556
29 14 0.19209263161447349
29 15 0.18973767241225117
29 16 0.1891257138734899
29 17 0.1800971405252832
29 18 0.17575125240915393
29 19 0.18612752186924933
29 20 0.1785712095222611
29 21 0.1714204652646618
29 22 0.1784406542211923
29 23 0.1727881293021661
29 24 0.17359955329430768
29 25 0.17358190670143014
29 26 0.1681939615295046
29 27 0.1683328455858288
29 28 0.16498080975939536
29 29 0.17335057041261795
29 30 0.1690025350453501
30 1 0.28262704967482033
30 2 0.2742360439338292
30 3 0.2553535493306677
30 4 0.25115153045154404
30 5 0.23613901176964572
30 6 0.228186292483025
30 7 0.2255969709477672
30 8 0.22542682857155583
30 9 0.21221976673710669
30 10 0.21885825958883273
30 11 0.1966833696651239
30 12 0.1980607624063385
30 13 0.19559840805750858
30 14 0.1887832094684781
30 15 0.1912477515508446
30 16 0.18170744030862016
30 17 0.19174380964648444
30 18 0.190168715006744
30 19 0.18584756681532016
30 20 0.1759743533464129
30 21 0.17874024591059295
30 22 0.1754077493450947
30 23 0.18111931918100965
30 24 0.1670758068814148
30 25 0.16357396271655938
30 26 0.17924307271720058
30 27 0.1684967604724393
30 28 0.16805889481459477
30 29 0.1688216725011094
30 30 0.1571546880555992
